1 0.04843188726442392 0.0321103111008574 0.04843188726442392 0.0321103111008574 1e-05
2 0.022576209635291666 0.02105676001463113 0.022576209635291666 0.02105676001463113 0.00034
3 0.02071660409105133 0.02039832796910715 0.02071660409105133 0.02039832796910715 0.0006700000000000001
4 0.020296316354206798 0.020156850754215642 0.020296316354206798 0.020156850754215642 0.001
5 0.01998745486337599 0.019968866113918224 0.01998745486337599 0.019968866113918224 0.0009997380467382348
6 0.01981628466916987 0.019993336957824192 0.01981628466916987 0.019993336957824192 0.000998952461705737
7 0.01971916667971968 0.01983402949652485 0.01971916667971968 0.01983402949652485 0.0009976440688727237
8 0.019641819583141644 0.0197355968037864 0.019641819583141644 0.0197355968037864 0.0009958142405625994
9 0.01958524988724222 0.01973821733275091 0.01958524988724222 0.01973821733275091 0.0009934648960125783
10 0.019531529617952233 0.01970788314555312 0.019531529617952233 0.01970788314555312 0.0009905984993606703
11 0.019486769555315513 0.019669085422563147 0.019486769555315513 0.019669085422563147 0.0009872180570611394
12 0.01945050234664877 0.019681173877254706 0.01945050234664877 0.019681173877254706 0.0009833271147311493
13 0.01941621647753745 0.01956251753231827 0.01941621647753745 0.01956251753231827 0.0009789297534318995
14 0.019384731222408292 0.01959634970037089 0.019384731222408292 0.01959634970037089 0.0009740305853881571
15 0.01935721319136228 0.019548198233981975 0.01935721319136228 0.019548198233981975 0.0009686347491506687
16 0.01932784571304719 0.01955601115092905 0.01932784571304719 0.01955601115092905 0.0009627479042065307
17 0.019306771441489654 0.019527142736618083 0.019306771441489654 0.019527142736618083 0.0009563762250431693
18 0.019281058330713516 0.019599075037649058 0.019281058330713516 0.019599075037649058 0.000949526394672155
19 0.01926114952330371 0.01958631043087489 0.01926114952330371 0.01958631043087489 0.0009422055976196468
20 0.019243073801135727 0.01951153780809105 0.019243073801135727 0.01951153780809105 0.0009344215123908165
21 0.01921692024741129 0.019515327656652835 0.01921692024741129 0.019515327656652835 0.0009261823034161567
22 0.019197223832377527 0.019490896073659288 0.019197223832377527 0.019490896073659288 0.0009174966124881209
23 0.019176071982989047 0.01953179234821837 0.019176071982989047 0.01953179234821837 0.0009083735496970769
24 0.019158496054299964 0.019494969056837945 0.019158496054299964 0.019494969056837945 0.0008988226838760791
25 0.01913538331638643 0.019490657296955437 0.01913538331638643 0.019490657296955437 0.000888854032564485
26 0.019115933747240313 0.01955550430661696 0.019115933747240313 0.01955550430661696 0.0008784780515009388
27 0.01909549047830484 0.019501522897685534 0.01909549047830484 0.019501522897685534 0.0008677056236567467
28 0.01907896728289578 0.019520464582212134 0.01907896728289578 0.019520464582212134 0.0008565480478211413
29 0.019060370638749387 0.019523055107987235 0.019060370638749387 0.019523055107987235 0.0008450170267504131
30 0.019040400063138705 0.019559613313709603 0.019040400063138705 0.019559613313709603 0.0008331246548933346
31 0.019025148410988253 0.01950376528061189 0.019025148410988253 0.01950376528061189 0.0008208834057057545
32 0.0190000113506487 0.019579831874192967 0.0190000113506487 0.019579831874192967 0.0008083061185676631
33 0.018979617267904182 0.019605391806519466 0.018979617267904182 0.019605391806519466 0.0007954059853164584
34 0.018959879776607316 0.019631879706148478 0.018959879776607316 0.019631879706148478 0.0007821965364105277
35 0.018938543456227776 0.019572359384554587 0.018938543456227776 0.019572359384554587 0.0007686916267376675
